1520
8440
6506
2723
5593
822
3972
9209
11592
8192
1554
704
3428
1785
2914
9822
6677
11065
3214
6175
3488
1778
6891
10920
6057
8435
11223
218
4469
5700
5590
11110
2859
7942
9509
7415
10286
9052
4230
6098
7145
7034
5255
10608
8407
1729
4299
9997
8358
10839
3498
891
8947
5039
3403
1442
11282
11336
3891
8132
749
5579
8119
4699
2823
9355
4161
5157
7737
3149
3799
1327
5764
3938
6100
809
9782
7689
11347
5294
2901
7949
4049
3897
3381
9194
820
2731
2166
11303
6512
9256
6262
10127
1274
4553
2822
1777
6573
9187
1801
9928
2173
10978
48
2323
5053
7676
4047
9285
1763
2133
3090
5165
2237
682
87
9198
4686
9247
950
8765
10577
11362
4841
8272
10355
1899
9502
1961
4246
7190
4698
4266
7422
7284
11041
2608
7073
2515
1838
7185
5758
6275
2721
1802
7283
1355
8677
7093
9057
4768
4294
6513
2716
2621
8999
804
11480
10900
572
8208
1980
66
2364
2208
10394
624
2496
7540
9452
3728
130
4669
5418
7015
4529
8784
4742
8876
9195
7263
7271
756
2374
2408
8791
6688
2207
8189
7793
1602
2420
512
7318
8690
2799
5456
9107
10447
5560
5640
389
207
7587
1707
5945
2353
8642
7072
7594
3314
3774
3334
4908
620
5085
5249
7974
7408
7319
8847
9664
4761
10506
4754
3185
9504
2712
2123
8255
3617
5024
7191
1044
6009
4356
1187
4533
1619
4504
6916
10545
3915
9857
5874
10538
9374
727
5195
6089
6728
9661
4494
8939
7280
8530
5589
7335
968
7722
9956
10287
9321
9022
8756
9110
2638
10832
2696
6082
7879
1181
9281
3546
9845
4749
3943
5955
4996
574
5181
179
1761
7192
1422
7716
1435
637
11454
3982
4724
6576
824
7028
7724
4072
2223
153
5052
321
8734
518
2673
4711
6378
2828
2854
6745
2632
3378
3743
10968
3290
526
7783
3414
1474
4938
8092
6223
9644
11290
10814
6719
9552
6951
9736
437
1627
7697
2104
5725
6867
6834
5985
7869
11330
4607
8542
10429
8666
3006
3733
11339
6878
10296
6295
10828
864
7640
2059
6747
2281
4541
11532
11185
8846
2273
3918
3070
11421
11259
1469
2421
338
10761
10184
2898
3894
11050
8948
9910
10894
10975
8363
2815
6446
5285
11218
2886
5192
5266
10455
8815
4170
8226
5506
7224
3117
3688
8404
10706
2602
7459
10478
10999
4498
347
452
9588
9341
11386
2794
2861
11569
4491
2296
2788
9314
8365
6839
5445
3304
7278
1549
3490
5729
2056
5795
5710
7881
5207
10493
10276
3015
2063
7552
8185
6382
5912
9921
2470
884
8105
9896
190
8732
4133
3932
1294
1150
6618
5952
4243
8126
9916
4866
9472
1347
11170
8263
1243
11401
2277
7421
8239
10526
6483
8109
3999
4741
6344
3409
9109
8801
7003
4427
1552
2168
9634
7313
10816
5355
4232
10559
7903
6877
1149
1740
1364
4833
8335
8954
8156
9619
9205
8960
4337
4687
7111
3851
1887
10495
7355
3073
5721
1228
3628
11031
3271
1845
7723
9537
4460
10491
9790
5542
2743
7091
1119
5528
7620
6822
158
5343
1639
5384
6866
4791
217
11351
9064
11014
3585
8824
9032
1623
3601
1715
4345
8478
6430
6228
8804
9582
11512
1897
1983
9841
2677
5066
3190
8233
8078
9394
10244
3478
3522
1734
1216
3466
1257
11036
6317
9758
2473
10554
2468
8202
8051
2719
5846
4775
1697
8510
7071
9342
10579
224
6525
2418
10061
5141
4694
10769
7992
11530
9272
5116
8781
10952
4403
8785
10639
4861
2214
964
9093
11240
3395
9316
1368
1348
7211
1144
9818
9422
8298
634
2043
18
9977
10028
5810
6182
10052
700
5917
9089
875
2373
369
1751
3340
8719
1063
8426
5217
8351
5010
8158
6807
5698
7173
5802
9206
5976
8160
3327
7606
11114
5838
6490
7603
498
2533
5046
10849
6600
9365
1502
236
2989
11550
5747
7965
10075
11085
6787
3592
1576
60
6310
375
44
11382
6950
1865
2109
8167
6662
5056
8524
5736
9806
10722
254
778
9105
5248
4418
2983
6216
4058
2633
9207
1620
2184
10600
6287
10906
4051
1648
10389
69
166
11044
5484
10246
2138
3484
3077
6530
1563
6652
11474
10432
1258
7433
1463
9646
5781
7250
5818
4104
1020
8730
3145
6331
8245
2937
7505
7507
4177
2192
5807
7343
9200
3561
5388
4803
3124
7955
10400
6030
11189
10759
9990
11393
6792
7827
4911
744
4993
9922
6882
4368
6508
6800
4914
4062
8990
248
4269
10750
5650
3310
8819
5693
2093
983
1038
4073
10568
5090
6748
74
9482
10370
10045
701
269
3079
3964
5014
6818
2960
9960
6200
1531
2163
6534
6350
9138
10275
4453
7515
5521
1457
2826
10549
3756
3264
6494
9982
9306
2433
9891
1829
7212
9942
2622
10283
11413
6256
5961
1807
3442
11122
4643
7894
10865
4990
6864
4860
1097
3461
4591
676
7890
3740
7943
4390
11172
5627
11130
5906
9943
8389
4975
5005
7122
6386
9702
8989
3804
10760
2739
7900
10843
6226
5318
1746
3937
879
10218
232
6380
10973
283
9563
3548
8259
4917
7836
3128
6360
2921
7305
2557
1959
9405
11496
7489
3539
11360
9860
7289
9730
5278
5286
772
7235
6101
10898
2962
3181
9454
7021
8380
9520
7616
565
8716
4987
10181
1277
3207
1749
6
152
7887
5174
9287
9793
10038
6961
8533
6776
10775
1495
2453
8396
6725
3220
10072
5595
1798
7769
5881
1540
9367
2134
1851
8619
7984
1561
10772
11525
3545
7522
751
6663
509
11589
6311
1820
129
11281
85
8369
11237
9907
8810
5547
351
6786
2993
11119
6571
8943
11107
7378
2358
49
7529
2218
5200
6285
8246
4511
10498
569
9033
3543
6349
9608
6370
4194
8301
2605
4997
2174
4948
747
9746
2095
1607
7959
581
7320
4900
10062
4382
10651
8736
9372
161
2640
3491
180
7333
4693
7195
9155
8495
9498
10819
5973
967
5722
9778
4394
5011
924
9084
373
3196
4967
3944
1647
4291
1241
1503
3600
4829
1517
2253
9529
1195
2785
9776
9908
3847
8854
4923
7885
1163
10647
3297
8494
10322
3356
787
9581
9159
6171
1699
4458
4399
4375
5470
4738
5834
1581
2747
9867
9876
1239
5289
9726
1742
6448
5529
2611
3344
2800
3226
10627
2988
4292
3710
5414
10670
7981
6323
1426
51
11273
7444
5630
2979
2700
8776
4634
2688
7833
4936
11346
4613
10564
1978
6844
3755
10837
10240
2503
7858
3007
3148
9879
1316
5970
3316
2246
720
5171
1800
10203
10164
4513
7946
6598
11128
7097
1446
36
11392
10712
9204
754
7770
2149
2393
3831
11159
4520
3313
5890
285
5280
7155
9276
2821
3401
7200
10730
4619
9226
4169
1558
3716
4027
1403
8436
5401
8919
11151
1341
9211
3034
11475
2645
11284
4369
8057
9963
2193
5485
1750
4965
6191
5921
9020
6325
1111
11115
10450
3986
68
1068
970
4179
9503
4298
11367
9850
6393
1461
5531
8612
4400
4794
2519
9473
590
4446
3029
6942
3597
10350
9614
3051
496
4202
11427
10812
2331
2606
4229
10342
7743
7020
9842
5819
916
3405
11595
4928
4231
4392
4118
519
1069
5466
1183
345
3091
4116
8207
6713
2
4211
5276
11056
2196
11543
5674
6116
789
2513
6592
4468
192
1587
9580
6066
9839
2564
7738
1093
7740
10347
4430
798
10867
7246
6665
3643
502
2351
6442
7094
5198
9507
1635
1735
4435
2091
6862
9273
7162
4327
5070
10368
6061
5012
11168
5680
9843
8717
1338
6895
8644
4933
1113
8061
9114
3981
4334
8340
4977
4479
5009
7464
2555
3116
4952
104
5194
5645
923
3454
10492
4633
6789
640
7255
6283
10390
11359
5436
4653
312
10517
5034
4675
6492
4164
6225
1660
4271
6820
7279
6354
10104
4385
11184
9168
10122
4142
7650
11150
10375
8291
6595
7005
7960
5475
3367
5860
4384
10300
2130
5344
5432
8006
7825
11112
7083
378
5687
6381
7806
9653
11204
4980
9897
9491
8517
2075
6715
9913
4217
948
8224
4590
3622
5679
9984
10605
1379
10126
9338
5803
5360
1342
474
2992
4706
7059
10561
7517
553
9426
4892
8851
11140
10634
10054
3603
4700
3082
4773
10854
1454
5577
3244
461
9612
1488
1605
10014
3579
2855
2511
5314
9387
2455
1657
8030
2634
2224
2941
4721
2810
6643
3477
7841
6158
204
2834
7619
3547
9157
1720
374
2220
7124
426
3886
5536
7262
3169
6015
1275
10264
3996
4716
8757
9423
5532
3058
1534
2338
7479
10139
2999
11220
7361
1692
10887
4783
10227
10674
212
82
7304
1350
7839
8215
6104
11364
8667
6097
9567
5148
6910
7084
2195
655
4021
11235
8433
5694
7199
2784
8664
4992
6132
9494
3347
724
9024
372
1565
2763
3810
2629
4945
3537
8161
11239
9228
7411
1497
4831
3525
1739
8338
882
3410
8271
10016
4639
6642
6142
5967
3917
7735
8689
8223
9756
9712
1385
1955
9021
11468
6738
2656
7925
6443
4760
2841
5507
8121
8171
4239
5086
6270
2102
4313
2034
7645
4222
3274
8489
7782
6901
8850
5251
6912
1271
4655
8593
9764
7731
5686
9954
6217
1560
2783
4615
3530
4002
112
9301
10995
10947
7772
8011
122
7223
2463
9169
5112
11585
11071
9006
1430
1451
10367
10307
10590
9932
6588
7259
9973
4425
9392
6746
3027
4672
8159
4150
9030
4910
6833
10444
225
10330
8738
1314
8070
10745
4943
3412
8908
5512
358
6033
2428
11048
3598
20
2548
2685
5232
5214
7026
7615
9088
7239
9111
2456
1902
4056
3719
2852
8094
4766
8796
3053
7135
2671
9229
3666
1287
3882
7570
3571
7617
2258
3288
9469
63
2615
5041
2146
9225
2773
9144
2265
10103
1438
10160
2302
1388
3870
7665
4335
3806
1965
9050
8902
8453
9223
10403
6150
5655
250
1384
2398
409
1254
5309
10781
10107
11253
3375
4865
6250
10331
5096
7870
7466
10528
3501
8140
10095
5368
7248
7804
317
11457
9487
3329
8778
10068
5777
10353
9451
10907
4477
6127
3910
1222
10320
1487
5317
7340
10618
2289
4251
6384
2333
9861
10815
5829
8663
7608
7934
1529
10919
2961
4725
7095
2575
7691
5102
9029
2709
3842
8002
7356
5925
7497
3759
1080
10424
1448
6122
6436
70
9058
3517
1536
2156
4778
6286
8135
4986
5892
7597
4959
8640
439
6412
4322
6805
10178
1371
10346
5277
1033
4160
8998
4611
264
3370
1085
2032
1234
10434
316
3301
5608
1399
1370
2363
4262
10762
6930
11187
4130
414
8181
9464
3011
10460
6550
2811
8914
7264
9001
2464
3507
9651
5140
3092
1931
6062
76
10073
10326
7201
5742
4913
9697
11200
1318
781
9610
2225
6611
7175
1937
7961
6011
2631
10551
3701
8312
6288
385
5257
8318
3311
3129
9026
1445
10963
4256
1625
2958
10172
8747
258
4518
2153
4259
1717
9013
9017
3464
8924
11035
5023
6363
4517
7183
6648
5636
7901
6043
444
2980
9
259
3106
5474
4737
1878
5596
1950
8739
8371
9709
4886
6375
2074
11593
7644
8988
3481
9008
3017
5997
4830
9691
7912
1975
4366
7884
7916
7116
4983
785
896
10869
877
4176
4851
9542
9112
8325
9311
6086
9043
10663
2311
1982
11587
7495
3654
6389
8496
6842
2517
8398
10043
2179
6723
840
6266
10694
9717
11520
2293
1331
5646
1087
9039
6155
8699
2269
8410
6487
4019
3853
1032
6741
6572
6649
8994
8837
4252
10619
9128
9361
5703
11268
2599
2204
6422
6324
7104
8683
4076
9731
7828
2538
7242
10805
984
6146
11266
11576
3673
6847
1072
1031
1303
3714
1441
1000
1510
4485
4757
827
10773
5768
3697
6039
7048
10449
10532
4705
9834
10901
4421
6160
1629
5942
6128
8411
339
4282
3020
1153
3791
8138
7566
2298
11270
8862
3724
8115
764
6517
5405
2486
1190
10192
3158
2425
6876
2021
2213
8397
7627
8735
1211
5145
10878
8472
3416
2915
9901
156
10115
11465
5508
3735
6406
4807
8898
6282
4750
10419
9781
46
1569
3573
1658
9435
6707
5326
284
4548
7490
4347
3122
2439
5260
5688
10249
3025
9476
9382
3175
3784
464
3738
4037
8572
5609
10383
969
9240
2347
1641
1059
5364
2612
8625
9592
769
2722
1427
2625
8250
5708
10372
5350
2985
4057
4697
10891
2870
5038
6164
6272
5211
7956
1947
1573
3553
9832
3126
7288
4248
4735
6851
7951
10982
6591
8025
7363
10770
6329
1291
8873
6105
7158
2375
9983
4401
9062
9560
4744
9882
8820
9288
3841
8895
6590
5472
9784
5941
529
8913
2313
11191
8046
2867
5031
10410
2895
584
9883
1702
4290
8840
11558
3587
5851
8928
7824
9462
4918
8893
3619
2541
8248
2182
4968
10401
5310
383
7128
4922
5235
9366
6721
2412
5895
5463
7398
5631
5805
1527
1383
823
4158
55
4367
7658
10967
2678
10905
2697
6832
1550
2081
1308
7937
830
10105
5190
6714
9080
4038
2643
4114
56
3532
10752
5523
2585
5134
6016
2312
10749
5853
10083
748
3794
10884
9268
773
4708
6457
1935
8920
7397
7043
9996
2371
9964
473
4963
8375
9349
1462
4092
9234
9389
11387
1102
9821
3104
5505
4868
4489
7528
4825
7559
605
8585
10786
3500
11366
7102
8915
3088
1854
6239
8878
3400
4838
9434
3424
7555
3427
3670
4041
10182
3504
1161
88
8775
8635
8103
6761
2291
3664
5711
10418
6339
10921
8305
3115
9081
7780
9326
10717
90
5307
2729
4015
7875
10311
132
2880
7749
6369
5054
543
3031
2777
230
1804
5154
5660
1433
8799
5354
6131
1407
1971
8931
6518
3098
6845
562
9871
11023
7687
8262
837
6825
7935
3754
8772
10529
8783
9076
3742
10514
4420
24
6597
9624
6319
1456
5347
6253
1276
5293
11027
9192
10328
8714
6048
9261
2835
6982
9465
10547
7210
10090
7817
8377
5743
3708
9047
5424
10844
3637
3359
10866
8857
3635
202
2956
10336
6496
8827
4046
7605
5588
7701
3033
1326
10897
9481
7809
8317
1380
3985
593
7613
4849
1047
922
10258
6466
4149
6811
6795
1180
5431
1516
7654
5825
8295
2278
2879
4286
2471
5381
3850
8289
9620
9165
10508
2761
3142
4083
1951
7384
1667
692
5840
10914
4139
524
6353
8748
10213
9877
114
888
7554
8740
9728
5109
1624
4823
4265
11252
3703
7385
5429
9045
138
11305
9427
5836
8925
2492
7468
3191
333
7375
5081
8449
5839
7574
8591
6392
2840
5867
7819
3139
3656
956
5139
9431
9788
4198
8124
4543
11042
2484
8696
10308
2044
11438
9014
494
10610
659
10924
5753
3042
4321
4203
11090
8922
7706
8818
6915
2386
579
10729
2660
4377
5225
10108
6655
1424
5073
1471
298
392
10654
11495
8753
8441
5873
10933
3219
3472
4120
4079
1615
8723
5055
6804
7520
11224
10802
1360
10332
1903
11165
1376
596
5782
1028
10233
8017
9167
8292
10077
5653
5719
4303
6742
2946
11381
5901
3921
2272
2939
8107
4867
9512
2126
2234
8228
2040
2936
335
2441
10351
10407
854
1732
6301
1600
1869
8997
545
6148
9279
6883
8129
11572
9258
11077
883
10713
790
3112
1129
6921
5080
2360
3589
11179
3817
3281
4272
11125
3040
6558
6240
1999
10758
6726
6260
8485
1412
6621
6860
9890
3608
7187
1046
9251
8479
470
1285
10209
476
11283
1677
391
10778
10638
8196
10340
6289
10288
2041
1816
8268
2048
2474
233
8803
1703
1676
7982
3867
2923
799
7430
4847
5433
5341
10622
8054
11309
4946
10021
6488
2230
4692
6523
10335
8241
10715
2343
6562
11083
11089
1940
8038
8771
2871
5491
7679
3260
10886
4110
5517
5937
7511
11108
11008
1339
3100
98
10629
2006
5464
3063
9894
2194
5288
3908
10137
9294
8654
7445
8477
7296
3770
10930
4896
4934
9289
2505
1618
3118
10497
1480
1130
6092
7763
1934
5062
9337
3078
5798
9492
9067
10593
7454
4756
3406
3952
2620
2120
11508
10925
2554
1821
8205
4516
7108
604
2206
5298
4008
6181
4107
10977
11
1562
5848
9934
10301
7986
10484
10685
9092
7260
11391
10567
7820
9970
465
7442
6744
5738
3695
10422
3749
7270
3137
11148
1960
1337
2862
7066
4219
7432
4674
653
9358
11579
4444
3881
1908
796
7953
5196
9210
5772
10821
6374
322
8782
1710
4004
6010
8853
3136
4097
8727
5889
