2646
2462
1917
1031
1324
980
576
1151
1401
1872
253
2978
2848
2287
2456
2855
837
2954
2904
2125
1075
2102
2774
2610
1408
667
1284
1257
1110
2357
2284
1637
1736
79
1173
1068
2799
2628
1569
2480
1489
37
2399
1811
1347
2198
2465
635
2427
2306
142
1932
1984
1691
2273
1685
926
2569
1214
1314
915
334
999
10
838
696
3012
1847
836
1699
2359
2470
1627
345
2622
1134
2712
950
1763
2745
187
2037
273
692
2051
227
992
228
1206
2116
2018
1513
1990
1230
729
651
1800
1651
2188
326
1342
470
1063
339
1660
243
423
2878
1797
2698
1839
1323
2814
2301
531
1078
183
1915
1318
107
519
248
3049
1978
587
2770
420
27
199
1891
1027
308
1311
299
2395
89
1630
2788
1297
106
3018
91
2553
1309
1530
2934
237
2350
1633
1587
1227
1930
347
643
839
965
2653
1470
184
630
2286
539
1157
1972
2897
1378
2442
43
353
1182
1565
1809
900
2846
1442
852
1537
368
2971
657
13
70
140
1929
1293
2849
1305
747
967
3053
1681
2616
152
2948
193
1451
2741
2748
2270
1884
791
1722
2689
386
1873
1363
1907
1729
1908
2498
102
760
479
458
99
1223
865
3013
1367
2792
1656
2781
1291
2088
1265
3047
1454
805
204
958
1338
1188
1279
797
1816
1767
1985
2164
2327
2776
2738
2591
2202
2443
2453
2924
920
2016
440
1248
295
2393
1453
2239
717
1177
2078
1232
2992
1010
2157
574
2959
1272
787
2483
3065
451
313
2004
899
2194
2900
1701
971
1000
718
2358
777
1122
833
2761
52
1144
1721
1001
2303
608
1310
2926
0
1234
1504
2368
773
1550
2699
2740
1871
1936
1304
2261
2834
2574
682
2724
898
964
599
2655
2291
1801
2147
1883
701
2717
1326
2069
1675
973
910
1079
2513
795
2915
1301
889
1566
1610
726
2739
288
1201
916
1344
275
2353
2914
1455
949
195
383
336
772
3037
684
1292
2519
757
2619
2850
1388
2450
984
954
108
767
2169
863
1528
2693
792
2319
1981
2661
1683
3015
1788
3028
622
1427
2941
404
212
2000
2977
1596
619
2635
2397
2807
2828
3084
1769
2451
2040
2656
1602
2901
2640
2674
2256
1410
1210
648
1906
5
1108
160
1526
1059
2196
1548
50
2500
2625
1771
2142
2484
2343
1
1823
1765
2195
932
1941
2281
1438
500
83
737
1529
1589
8
162
1277
3076
2880
2478
385
1356
473
2979
400
1948
1339
595
1749
552
147
2906
1709
2461
569
1638
2104
449
1296
406
2847
1294
2944
688
1389
1435
72
1810
883
2082
697
1273
207
30
2277
1599
1546
2593
638
714
2258
1636
256
779
1849
2645
2043
2728
510
1960
2
1597
2205
2015
1179
189
2805
1069
1710
1969
57
1056
285
1992
2171
486
672
1418
940
174
2468
561
2433
2248
393
301
2297
170
1959
129
1496
306
1576
2086
390
1242
2335
1051
1167
2881
66
1905
62
892
1573
374
831
1463
1594
2210
15
453
660
933
496
1132
481
1308
1466
572
2070
2556
1931
544
1060
2113
2917
2316
1376
930
2323
60
1861
1332
2417
1819
1036
738
1792
2321
428
2469
267
1163
1225
2333
6
557
2969
1837
995
1731
1299
2314
1777
2398
592
1505
2402
2073
494
1506
1433
235
824
1952
690
2137
2410
600
259
229
22
11
346
1869
501
1934
746
1185
639
631
2879
2534
178
1588
2097
2626
411
103
438
1615
2687
2457
2769
2999
2630
876
2162
2603
753
1093
2212
2320
2107
680
454
1993
1897
2600
1500
1998
2336
1127
2486
1834
2268
1735
1658
322
610
1369
2718
2515
1086
1955
678
2866
373
1676
2409
2249
2936
598
1764
2326
2675
604
902
2068
722
1796
3014
2355
2706
2426
2960
1628
1207
2713
3052
1096
2862
1542
1730
1104
1518
996
2708
2001
2648
819
100
2179
2543
2790
1274
2363
1556
853
2907
2839
2155
1397
1148
764
1778
1088
3048
825
1553
2122
2824
324
498
1966
1643
1143
1497
627
1015
2735
1203
2937
3066
742
2081
671
2705
497
901
417
2309
2117
2671
327
2466
990
2252
1315
2827
379
127
2123
2247
636
2042
527
302
2650
123
435
2696
590
857
2544
2530
1064
1520
173
1241
727
800
2152
866
640
2958
76
2153
1882
2672
1399
2148
821
1066
1885
2864
1850
272
628
907
1002
2482
1335
2084
2208
1417
2891
890
2772
1080
994
1558
1334
2317
3010
493
352
1329
1268
2921
2568
532
42
835
1995
2437
637
369
476
593
2452
1593
2240
1584
765
1244
1937
568
1419
2990
413
944
192
1618
1280
2538
2404
2762
1286
380
2313
349
1534
1554
2759
1052
1266
506
355
2789
1327
317
1980
381
318
3055
632
2945
3005
1734
1328
1136
541
2338
1728
82
1923
2813
748
1289
1900
1138
503
794
260
218
2255
137
2822
1115
1302
625
1622
1109
2477
579
145
262
311
185
2182
34
2250
1896
3001
1563
2933
2055
238
2710
447
1768
2885
602
1062
1798
226
2337
1836
856
1591
439
1844
2631
655
1524
1521
2870
1620
2613
523
1666
85
1042
1459
507
2364
1240
1644
3019
2765
1494
732
2008
2420
3002
1431
1407
61
551
1094
1670
1640
894
2802
1902
864
1381
1910
35
1612
554
3033
2659
1014
1446
1469
2976
840
1590
2955
2432
396
2407
1205
1372
2369
1519
1531
28
2324
2997
338
1149
2707
938
785
2784
200
2503
3011
741
2218
245
665
725
822
2764
1487
1880
2075
582
2873
2840
1048
1702
495
1698
2896
1396
1176
2560
1511
219
2331
1619
1603
2298
431
1424
2237
1515
1204
316
1490
249
1557
1890
2076
2415
3034
2665
1045
1306
484
2192
40
2165
2943
1996
715
1982
375
2282
1748
1269
851
2411
2701
2215
459
1107
1626
818
2557
987
2340
1028
1616
1904
1663
2401
2895
1250
1252
2711
2236
2129
1843
555
1629
758
2105
2062
2360
2911
2328
2310
3067
2796
196
176
1270
1507
366
1423
2908
2586
1570
130
1879
513
2691
1155
754
2386
1456
2430
2108
2709
1652
2638
3003
216
2226
1997
2623
1893
808
2428
1887
871
1954
1057
1780
1538
3056
1345
1817
2440
1428
570
1889
276
798
365
2278
1255
1039
1781
1756
73
144
1049
908
3021
776
2183
2662
2938
1009
2146
1169
2283
2681
1325
2887
1564
1642
1033
2439
3009
2429
1221
1100
2669
2292
1307
1362
120
1239
1300
1911
1156
3025
700
477
2833
2570
282
1486
3051
2609
117
1481
1579
2280
1719
1120
1716
1773
1114
1191
2607
679
1856
1116
1606
2099
2294
2235
186
841
989
201
2750
1611
1757
1818
234
367
941
1440
577
309
2558
2909
656
652
2567
2576
1150
2190
230
197
1008
1775
1195
1600
341
2608
101
1375
558
750
542
686
1153
2121
1758
2777
1426
1353
2549
2657
122
2003
2778
2502
743
1471
942
2877
862
294
210
2422
796
2375
693
1876
1782
1443
1648
1123
1991
39
2581
829
487
811
2679
3016
2168
1820
319
2170
1947
1349
1909
2773
384
1161
2523
265
3046
1233
1667
2800
2455
2964
1287
1840
111
943
457
2066
1111
1680
436
1877
804
2727
2234
2378
621
1067
1508
613
1806
566
2829
2756
1385
518
1422
418
1582
2514
2927
548
955
1352
2883
1516
884
2435
1493
343
2697
95
2211
3022
1256
1330
2899
441
1580
1838
475
2276
1145
2156
2825
257
1099
2418
2747
786
2835
1697
1413
571
2666
2526
268
1495
780
2520
2791
48
567
1925
1759
263
1922
2225
2851
2074
1377
909
704
270
175
520
2939
695
514
277
847
1271
550
525
2925
728
2474
33
292
1164
1386
988
2140
1912
1184
2381
1482
867
1865
860
2820
2677
2541
286
2579
2372
3020
1574
31
897
2174
172
1312
471
1953
2366
2485
2005
1457
2767
112
354
1510
462
703
861
912
2797
315
168
325
2918
1194
1755
828
482
1445
2595
2103
1040
2158
2768
3054
1825
348
1852
2597
1517
331
654
387
2371
1187
2383
2058
403
224
2403
2602
1621
2664
269
2242
132
962
2374
2611
2867
1551
2504
1485
298
1290
2811
699
360
2033
71
782
350
801
2974
1708
1285
936
1899
2522
2344
707
359
2341
1732
1824
1160
2731
2639
2308
983
2080
2942
2233
2300
881
150
1217
1799
2980
414
329
683
997
401
1172
618
2584
442
1198
2928
1092
2636
1657
87
1688
2090
2752
1671
563
2982
1804
1070
681
873
1016
1743
2865
2400
1976
1281
1416
848
730
3080
2680
1881
810
2290
1601
2334
2751
2734
1527
1977
2312
1262
2223
113
2243
452
2030
2096
1368
1750
1212
167
1278
1898
2766
2459
2053
2509
1854
2271
1867
2034
1623
2177
1254
1449
1077
1684
135
1098
1404
789
1243
12
673
793
1337
2274
1133
702
1186
2083
919
2059
553
2322
1821
2204
55
526
1095
1739
1858
1091
2844
564
1938
2624
956
2444
2583
1812
537
2011
2128
2812
392
1403
427
467
1712
1784
2260
584
2682
2923
2842
1023
607
1425
2052
1168
1786
220
1956
1862
490
2389
719
609
969
1540
1659
2193
2746
2819
1447
2257
1751
1181
2266
533
146
415
603
2172
258
1409
1208
2694
88
2749
2559
2647
2302
939
708
32
1650
1235
1845
340
1533
1958
2159
993
2135
2838
578
674
1653
975
661
1631
826
2856
2700
886
394
504
49
770
1124
2618
2394
2044
432
666
1919
464
1391
84
2085
1568
1951
2434
1541
1957
291
2898
47
2525
1313
2009
713
364
2064
1247
296
2929
2868
2673
549
2025
1694
105
3026
642
2259
2476
2351
182
2843
2518
2379
1331
2497
2446
2552
357
232
2782
194
2454
731
2495
534
906
2932
1525
802
2345
2412
1003
981
2362
2423
1715
2405
2176
1180
191
1464
16
1037
3057
58
575
1522
231
1360
2295
2902
1129
2952
1950
2214
3070
2216
2391
1822
733
1555
2637
2131
155
3074
499
723
1373
626
2251
397
3044
2551
1434
2238
1752
2203
1402
1776
2548
2406
1571
1949
2719
2972
1219
1475
601
2874
2098
1713
2621
755
3008
14
1061
1097
1171
774
2633
1859
362
976
2126
164
1617
1920
2013
18
2757
2754
885
1472
951
858
2771
2021
913
1196
2023
2617
68
2229
2564
1813
2532
887
3038
2006
2517
2012
2272
2487
2127
2872
1158
2095
3006
2382
1988
2089
1793
370
2845
46
1135
274
813
1814
36
2388
1614
2019
468
2555
38
1017
1928
1444
2118
2882
2572
1141
1772
1484
163
1103
190
251
2262
2652
2017
634
443
1336
2966
2651
2981
2995
2143
1379
2577
1076
1436
124
2703
1213
2723
2930
2826
960
1979
1827
2975
1826
658
2496
946
233
1473
2376
1468
1467
279
208
2540
736
1282
1384
1275
2473
2173
2065
545
2253
363
2991
478
849
583
1963
2264
2949
845
74
2702
3058
485
812
1102
1790
1552
2219
399
2884
157
1462
221
1794
986
424
2524
1316
2596
1498
2387
2510
1414
1209
1585
2475
2830
1245
2050
2721
2354
605
611
2318
448
2554
1717
1343
1370
242
2634
1073
323
535
2232
720
425
2984
1264
968
2189
923
762
21
2815
2356
705
1703
505
2175
1945
2041
972
3043
2031
51
1760
202
3073
888
1791
1202
1686
1714
1503
1174
1853
775
2716
790
2779
2024
1795
1673
80
2730
2138
2263
565
979
491
2566
1058
1664
409
2293
891
2920
180
2109
1499
1762
154
416
781
1439
1320
65
709
2028
44
1561
1478
1253
3023
2419
1523
1452
2149
1989
1913
3050
573
668
2304
1962
1112
96
905
769
1267
63
104
1081
1374
2346
2683
2537
529
2546
2527
1298
1974
1025
271
2809
1894
1690
1808
756
2998
1421
2329
466
1704
1190
2668
1933
614
928
530
927
606
156
2491
1365
2871
1741
1154
2965
1711
1649
1999
2953
3035
2875
136
2612
1535
284
149
588
1261
677
751
586
450
1831
2720
1387
141
2983
937
1624
2079
1672
616
2222
2361
1536
2091
1354
143
209
93
2436
1695
2511
2985
952
2803
3
2057
2425
2220
817
2036
2994
612
1218
2385
1830
653
820
165
1895
437
1700
2020
1022
86
2817
2686
1744
1807
676
1137
264
1888
1532
2178
1005
2087
1029
1581
2841
213
434
893
2132
472
2101
287
3032
2463
1355
982
1604
2367
2120
2667
2922
538
2580
2032
2714
483
645
3082
744
2821
528
2245
1707
395
2228
1351
1789
2798
1921
29
1669
2563
240
2380
2186
1089
1654
689
148
2962
508
974
358
1677
2654
1939
3063
2056
2191
1605
2144
1586
663
1139
1215
2163
492
2831
455
2818
1946
1152
2516
515
1085
2836
421
2352
2641
461
3083
1236
585
290
2722
1733
2961
869
166
1914
2973
121
1083
246
1263
119
247
2989
934
3081
1090
2528
1875
3060
2213
1021
1476
389
244
3030
2535
2370
1924
41
771
1371
1458
3064
1251
2241
1113
2615
1004
597
2390
641
1829
2643
2529
1226
1851
206
2950
7
1973
2725
842
1514
445
2565
1662
2254
1815
1718
2658
2130
924
2786
1647
1492
875
2505
3031
1405
278
1038
2305
977
2732
1613
1394
3059
2092
2071
1705
721
1460
1018
870
1787
2957
1231
1720
872
1364
250
456
2755
1543
64
2690
1737
1121
1696
78
1559
1101
1689
1726
54
2161
2197
1805
2742
1170
321
2421
1655
2601
543
1803
1382
629
2342
1237
896
2970
109
1572
1753
1341
1034
2684
138
222
203
509
2348
589
559
1747
2795
2217
1927
3072
1238
2438
1125
426
2392
1802
125
1770
694
2604
1634
2986
2642
410
2061
2200
2119
1567
623
879
1835
2100
1892
2852
2935
2736
2585
2743
1983
2931
1199
2587
522
659
1774
1398
1260
328
126
2029
2632
1189
1935
1645
2396
159
1054
45
1595
1441
2377
2007
664
2046
2816
512
1828
2744
489
2861
620
596
2627
128
712
1228
929
827
2047
444
1146
1971
205
806
261
1047
904
1246
649
92
2494
556
225
662
1740
670
2660
2027
2763
2685
1429
2038
1964
1046
2542
698
1761
524
133
320
1024
1074
2339
1321
1437
1197
1019
1866
377
2869
2221
1220
280
846
1400
2267
69
2106
1943
24
3017
2449
2010
1916
644
2539
3075
911
2414
991
2199
1358
580
878
332
1415
1420
236
2349
2823
2288
1147
2296
778
1130
1082
1918
1224
2536
1030
2154
1745
1779
646
3024
1608
2905
2072
151
1545
1855
739
1474
1994
947
1766
2629
1502
807
2472
1012
1848
2670
1105
2060
1477
1479
1678
560
1411
1754
2571
1142
1940
1013
77
171
2704
1975
1216
2968
2912
766
1361
710
2688
2048
19
724
2141
903
1632
1860
371
2039
344
2416
1340
2857
945
330
1967
1544
2045
1926
2035
2919
2231
669
1333
2508
158
2951
2315
2940
711
1682
239
1165
463
342
2860
398
2014
2181
337
2002
1870
2987
1547
2620
408
2049
1084
2110
763
188
2285
2561
2269
2063
998
687
223
2307
1366
2167
402
2077
734
9
252
850
985
2858
2139
735
2431
1448
1687
948
3077
2054
803
465
1480
310
740
1607
2893
198
3027
874
2806
966
2589
2384
1968
2332
2967
1641
1986
2886
2913
1390
761
1166
2590
1846
2471
1965
1738
1864
788
2408
1692
1259
2947
2479
1350
3061
97
391
59
517
2916
859
2311
2993
1609
1319
1322
2207
1006
2614
1032
815
300
1200
2804
562
2715
1970
1175
1668
1465
378
241
521
1450
20
2676
2780
361
2547
1026
2810
2136
895
877
2573
1178
2588
333
217
2026
1071
1783
2733
3007
90
1961
303
488
1211
2594
1020
1159
1727
2837
1412
134
844
1833
540
3000
1072
2209
1128
1288
935
2599
2347
1842
1944
3036
4
752
314
2521
3040
3042
2889
706
26
2124
283
2114
1258
1665
1841
382
1625
422
502
2692
1392
855
181
1126
2093
177
547
1430
1868
882
1131
2775
1087
1249
1295
1723
1229
1140
356
430
1283
2460
2582
2424
1693
1785
970
749
114
1725
480
446
2956
516
3079
3071
67
2649
2507
215
624
2150
2859
405
419
2678
1011
2493
1053
118
834
2325
2230
675
832
1575
2180
546
2160
2963
594
650
1942
2729
963
2753
931
2550
1886
1055
2166
2888
312
1119
131
615
3068
2289
978
953
745
2481
1383
1317
917
1193
768
1874
809
2801
1512
289
2115
3069
1041
98
2134
1646
297
1222
23
1393
2022
2265
1395
2876
2111
1065
1359
1043
925
2279
1661
2184
918
843
3041
1598
75
2094
1348
1560
1183
429
2506
293
1832
2758
2562
2330
1724
2133
2863
2988
536
3004
1635
139
