1371
71
622
1108
2967
1752
956
1616
572
3076
178
1958
89
396
139
493
911
718
2685
672
969
1888
1821
191
892
436
676
2545
1908
2009
3069
2590
2288
2256
322
1678
1959
637
846
218
3075
81
68
56
2115
1541
1022
2644
1465
2910
1691
2218
2185
1965
2075
2376
2618
2743
1527
1265
1178
1931
1183
2420
1803
590
2275
1418
1477
770
2690
2575
1414
2179
2359
1219
2257
1206
959
206
1308
407
2882
1960
153
2461
196
33
1072
607
2301
1451
47
714
991
586
2217
1229
3016
2934
2427
1070
2124
527
1238
207
1172
794
2435
919
2241
2072
15
1725
2383
2677
2752
1895
2091
1196
1701
75
893
2302
2746
1320
2386
2849
1623
1856
2923
1204
1736
1474
2382
971
2652
705
2356
2472
1223
2107
2425
530
621
702
430
1071
2070
472
284
691
1670
3036
802
2002
325
3019
2280
1749
2858
2178
1567
488
734
1018
54
1537
1337
1935
1304
2211
261
1697
483
2150
102
1285
644
692
100
1342
76
18
2003
1244
3007
195
319
2998
643
3023
1923
433
2123
3020
2770
2390
579
2242
776
201
2883
30
1397
471
1466
2886
2460
233
1032
1590
2584
547
1894
725
1904
1675
306
413
2311
2214
2270
1571
2046
1813
2573
293
960
476
634
168
3051
1200
2171
300
883
46
118
1325
1351
1455
696
1653
2926
3022
1961
122
297
2040
668
1922
746
674
2238
1193
1743
480
2506
1535
1845
1577
755
2856
129
1857
296
2578
2599
1047
2154
669
3030
2373
408
2845
683
2260
1976
1190
363
857
2897
616
2734
2428
798
163
2289
1049
453
426
1774
1574
849
2121
2792
1950
894
1523
2108
881
1060
1035
1834
2946
369
338
700
2708
1468
323
1280
2504
1928
2430
2894
1964
1516
2084
3064
2899
113
2539
1197
2827
2766
2323
1676
2642
1329
1588
189
2493
1629
156
690
557
142
1943
1305
1054
2786
2027
3026
1593
1639
248
1609
1866
2914
1733
1480
735
1913
3012
2776
2676
673
440
2352
91
2552
580
2712
1652
1215
1560
1365
1263
337
148
2784
1932
2113
2826
1946
1192
2598
1604
504
1247
826
2744
2198
1102
1459
1483
771
1151
260
1870
2151
1795
1419
2161
264
161
318
2840
2649
60
2511
1520
1408
685
2917
2700
64
1084
2835
41
2513
675
3073
1538
2200
349
1665
2993
855
55
2733
1438
1621
2488
242
1048
2201
2320
1723
1429
2669
2099
2719
2829
804
334
759
145
1322
1421
2247
2507
1782
584
3032
950
442
444
2972
1319
2869
818
1643
77
817
366
1463
2542
1203
1188
2234
2764
2306
2409
1456
2588
876
3072
1239
240
2663
372
1389
2016
174
171
2043
2516
588
2063
1358
1585
2372
986
1979
2441
2887
377
152
1497
275
1187
1753
783
2562
732
1757
1882
2175
2874
2634
2749
1505
1487
925
42
2335
1645
1015
104
1499
1257
2641
468
1669
514
2661
2035
594
2989
1210
2133
2844
1313
375
1837
660
2222
37
1599
2048
707
2640
2230
999
1696
2891
1921
966
305
215
2781
2369
262
1775
243
1917
726
1864
1369
282
2145
135
1608
1820
184
2999
845
1119
2699
608
3048
1040
1411
2391
872
2246
1476
2296
2078
2822
2120
371
2866
180
2796
2101
1808
2808
2969
228
2612
1249
825
1610
931
2476
1245
2568
1841
506
569
576
549
1279
1031
1251
983
387
2610
1602
1439
4
1287
2688
1132
1140
2195
340
393
2486
1096
1123
1348
912
2419
2870
1208
2620
1116
390
1020
2017
96
2779
2448
2559
1847
383
895
192
1873
1822
185
1231
1255
2646
2534
2948
2029
2567
1120
2011
2888
2544
1581
2694
1485
458
1715
529
2841
781
2105
1811
1153
587
274
2728
2069
639
2173
1224
428
768
425
1711
2680
952
831
179
1479
2876
320
2102
1174
571
1051
1115
1993
2285
1326
1170
1924
2304
2824
1464
808
2658
2654
2643
1375
84
820
1230
79
1417
1842
2479
392
73
1972
806
2803
2691
561
291
582
111
875
2863
213
1254
28
2073
934
2679
2745
1152
2190
1400
1412
526
1798
2966
2286
1467
1083
57
957
1871
1502
1744
158
1167
703
2353
1133
24
916
1109
2354
1776
824
1338
1005
2399
2060
1765
2327
2020
1261
1720
1901
2047
1271
687
2487
1584
2065
229
1353
1637
2583
1884
1264
1748
570
1323
2322
311
1405
1555
2433
2052
2293
1818
2921
431
3013
216
159
2964
2523
2922
1227
807
873
1098
1756
3071
899
2906
1624
2401
509
944
1554
1978
2555
1372
1962
816
1556
1144
1992
2918
2297
3066
2954
2462
897
1276
647
2100
1790
2927
477
609
2207
3039
2949
1685
1831
1781
743
1493
1473
1713
2189
2407
149
736
1869
1929
1519
72
221
473
1698
287
394
2730
704
3042
1794
2303
1657
1630
1135
1053
600
2053
2944
3057
1275
1710
1508
2005
1124
604
2904
800
1890
2681
871
3059
2821
1980
785
2608
1
2536
729
489
2975
597
69
2396
862
3054
851
2455
3049
255
2290
1052
1316
2021
1113
2439
2172
1533
404
1807
1503
176
1788
2111
2997
1288
2358
2066
2696
2187
910
82
2819
2395
2055
654
131
391
1228
1640
2498
1829
22
2362
1019
2380
423
193
2925
2404
2059
1082
2013
1934
348
281
2991
1565
615
310
2591
2739
2371
2137
110
2469
1843
2140
114
2980
411
1603
1952
1941
1241
2714
9
1926
1561
2463
2885
144
546
90
2413
416
2262
2607
2381
3038
1632
1654
618
1631
733
2950
769
2793
2527
370
2684
2597
63
1293
1832
162
200
1930
437
695
1362
1431
1785
1504
2450
220
484
605
517
564
2900
290
538
2255
932
1859
492
1576
3037
720
1243
728
1674
2086
2006
2945
2202
1131
1739
677
1003
2231
316
1536
1731
1460
1618
1006
532
1526
542
1524
2095
528
1297
292
1013
314
2026
326
2965
1750
545
513
1551
698
1791
2862
815
1364
2838
1777
1374
2481
2683
796
1226
1390
2326
2109
1376
928
313
1840
2097
3052
2248
2228
1168
253
265
1810
1064
633
900
205
1074
2763
2524
853
2703
942
2788
1721
1075
2895
1672
661
1741
920
1902
1472
708
1596
2768
1844
2316
1833
2731
307
78
2984
2930
767
3002
2577
786
627
869
1945
303
2315
2812
1385
289
1424
801
2903
525
2434
1515
1088
1453
1881
1301
2068
2754
758
3044
2798
2613
566
2318
2721
2748
1169
2456
2670
1237
405
237
164
40
1312
866
2415
304
2180
1033
360
629
933
987
376
2402
3009
2635
2783
1062
1340
2501
2367
2081
1812
1029
888
844
17
2464
611
1809
2096
1668
1422
2515
1432
1707
395
2970
518
2828
44
1688
1171
3015
985
2024
848
2346
1868
51
3060
1090
252
1383
1426
1746
1780
2692
1883
401
457
499
2628
2210
2765
1470
1492
886
2375
1650
1981
2942
1028
2204
108
507
1026
2061
2370
2720
2333
2098
1966
1361
2521
548
2625
2673
2929
106
1547
374
2436
2775
2802
1256
2563
1530
2339
760
1597
1579
1164
2363
2574
2801
1309
1461
2142
2503
809
2092
2283
1089
901
460
2968
438
2847
1655
21
2702
2722
1601
3045
523
1963
2170
2209
923
1586
1927
864
1065
1155
2811
1165
2813
1694
324
2449
1160
1642
298
1506
29
1517
1007
1266
589
2782
1306
1277
3027
2815
1967
1091
2836
3079
842
730
1897
2032
574
87
819
1569
2138
1410
1722
410
19
399
992
443
2041
2274
2127
445
331
1633
16
797
1343
1409
1201
554
1386
1166
1294
1896
710
717
617
1846
2774
1118
689
3058
1163
591
2212
5
86
251
227
2596
214
632
1283
2049
1683
88
1792
2871
858
1986
1598
1055
39
36
380
1220
761
1427
486
270
655
212
1544
1368
127
2146
1716
1370
2152
1489
1595
2253
1008
1175
1651
1050
3041
2617
2959
103
2589
1396
751
469
1036
2758
1274
2307
1114
1017
522
1360
97
2254
2265
1182
996
1907
2727
93
1454
99
439
544
2648
1557
803
1619
2867
1248
585
2022
740
2657
2165
1641
1838
1925
1023
1999
1298
1877
2051
1827
2417
1198
745
3024
330
321
1920
448
2103
1066
223
1686
628
402
117
2422
359
2614
302
3003
451
2355
2057
1700
1689
810
424
612
1347
1199
1919
1885
2582
830
2484
2510
2388
2240
1296
711
812
2924
2979
3029
1814
2292
541
1344
1769
1861
2650
165
80
2000
2088
107
2300
821
2747
137
1240
1848
49
2860
58
2537
2236
1500
403
343
1699
568
2118
784
1880
1990
651
151
1646
2019
465
2418
1105
1024
671
2525
1826
1154
946
2431
1482
811
799
2777
2205
1605
2018
3010
2224
556
1278
422
481
1034
1542
1142
984
1129
2497
38
1403
2458
1059
134
2064
994
478
1553
364
432
2389
1879
1310
1332
756
903
2660
2928
2421
2042
1272
1849
659
1677
417
2753
351
2453
2199
2153
642
2600
2873
716
217
889
2919
650
2243
1906
1356
1797
953
1680
2492
2405
699
741
909
885
1384
250
2974
2645
429
452
693
1448
3050
1097
418
1093
50
1189
2489
1754
861
1141
1912
1671
686
467
1387
3080
1522
877
762
2579
34
867
1063
2723
2556
533
266
822
747
2232
1872
2760
1850
531
1751
2208
1663
1550
682
870
2724
1968
2538
53
3077
2666
1085
772
3047
1738
2789
2034
1940
2889
2689
1303
166
183
173
167
1284
2756
2762
256
1939
495
1111
1916
2983
648
10
2264
2509
6
2713
935
2223
388
25
1988
2725
2705
487
26
2830
1681
1398
2505
381
1684
1184
2079
1406
3005
1760
1947
3063
1147
1037
1286
1825
924
970
2177
914
271
2647
2986
1735
2176
2331
2662
2905
1440
2915
988
2961
2602
414
208
666
85
1186
2517
2377
1755
2001
856
1010
259
1951
2843
141
335
312
160
2797
2977
2571
496
757
1937
562
98
1800
1143
2985
2994
854
1077
902
552
663
601
2366
1395
2995
427
120
1222
3067
2896
1982
2500
0
1983
209
2141
721
979
1377
2340
373
1817
2408
475
2089
1382
2357
2319
1531
2122
2686
1349
2350
2881
2050
186
813
2711
210
2960
3034
2480
973
1038
1434
1768
948
2470
2715
1126
2468
1273
563
2106
1687
2181
1437
2085
1336
3061
1262
2312
2973
1106
878
2194
2342
773
2344
2851
2531
1564
2329
1783
226
2741
2134
1252
263
2718
1915
2912
1354
2156
680
624
1626
2478
1903
2245
1436
2740
1404
352
1659
241
187
1452
2742
309
2716
2750
789
1211
1478
1069
641
378
1225
2268
2674
754
267
2076
1566
795
2587
2374
1891
2637
2548
1056
1027
2160
1221
823
1592
2196
1177
2833
1259
2387
1250
1112
939
1830
2907
1957
2626
2183
1366
575
1876
2938
727
1173
2054
470
2594
753
2638
2116
1558
2287
750
681
188
1104
13
2878
1948
1330
2483
501
2206
967
1784
245
2471
367
2330
1525
1080
2229
1855
2378
2227
1898
1761
2004
2169
2606
2226
2
1644
782
1970
2737
2071
2546
1635
1899
1887
2951
975
66
2474
1067
2956
2276
175
1787
1501
455
906
1449
2473
2916
1494
2633
2695
2913
2872
922
446
1702
1268
2038
1446
2334
327
285
1481
2892
138
2273
2182
2937
409
2543
2361
2030
2423
1498
2738
1428
2445
1705
2104
515
441
719
2814
194
1727
219
2397
2457
1638
2636
3
2850
112
2962
1484
2664
833
2931
1991
2429
524
2220
1851
2624
949
1334
664
2533
246
1270
2494
1156
1874
257
2759
1367
658
1095
283
1057
2485
2271
48
109
2549
1321
1673
775
1380
276
8
954
301
7
344
14
400
1327
763
2992
2010
2861
2258
235
636
2526
837
2857
1061
1233
1656
2278
2877
2940
2655
774
459
272
140
456
339
1528
684
2347
2157
1693
332
918
1194
2595
1996
1611
2530
1100
558
2110
1546
964
2008
1462
793
2875
3033
520
1058
2284
543
1125
917
995
2237
2272
2831
435
3017
505
1518
2522
2036
169
884
1729
2519
1615
2520
2155
701
3055
2729
1352
859
1649
2939
860
2087
2572
1512
1562
105
2368
1043
1046
1318
1176
2864
1392
1488
2615
345
1339
1771
1130
1117
1763
1997
2400
891
1975
1317
2294
202
2580
777
898
2193
328
2082
1509
2147
2706
2603
2963
907
2332
737
678
354
694
2432
1854
791
146
1938
1875
2037
3070
1289
2225
1267
1977
1909
1914
2131
315
2482
2785
308
3056
2772
863
2125
1704
2490
722
2604
977
497
2495
2191
1044
2281
347
2129
539
2163
2909
273
2440
945
1004
2251
852
3014
603
1918
2981
2621
537
341
2345
1128
482
1450
555
961
645
936
365
2467
115
981
2693
2852
1315
1690
982
2553
915
1381
559
2958
502
2890
2820
1290
2592
1612
2244
1695
840
2143
744
224
2056
1679
1191
154
519
1764
1806
1073
2987
1423
123
3011
268
1302
1706
2314
1269
52
1393
626
2184
2682
280
124
1078
2561
2508
2328
2394
1789
362
940
2651
2398
534
2039
1000
614
1613
1258
198
1324
2804
1910
1346
1045
3053
1121
1539
23
70
631
1495
2130
447
1185
1717
2842
1816
937
1799
2491
630
715
357
723
713
225
2325
2446
1307
535
2502
1011
1708
2901
792
2757
2629
2855
461
814
1770
688
2023
2622
2454
2675
379
1388
434
244
1232
965
1236
1911
2012
670
1858
2168
2309
1664
1217
1202
968
299
905
254
2058
2351
1568
2337
943
712
1860
128
197
1543
2668
1933
592
1575
1730
203
406
2385
1660
2144
2800
1549
1728
2809
2769
2846
1886
2810
835
989
1956
1001
485
2630
2879
1867
1041
1636
1540
239
421
1529
2424
896
1666
2443
1737
1490
1253
2406
890
1573
2853
2671
2616
462
2952
2816
832
778
1435
567
1363
1311
1819
662
500
709
61
834
358
2308
1648
1357
1995
1709
1712
2557
921
2167
2299
1614
2554
2806
211
2062
232
2880
1161
386
2128
277
2349
2823
43
491
1076
667
143
947
2551
2203
779
880
2697
2341
2031
2477
2988
177
2188
1617
2570
887
838
2119
2135
3062
2778
1242
1893
2261
2839
2139
2512
94
2908
938
843
930
1415
2807
2953
2818
1469
1068
3065
3006
1260
598
45
2976
2528
565
356
1433
1281
2678
1148
1447
2795
1545
551
2426
2410
1195
1589
2452
2442
2755
1772
3018
1282
1953
2348
230
2158
2639
2541
697
1234
2045
2947
2834
1714
1667
1442
646
976
2499
2094
3043
1836
2080
1291
1149
1747
1745
2166
1373
2920
1179
1214
1137
2252
1994
847
157
1766
1969
35
3000
724
2459
1341
1350
990
2192
1580
2324
1620
2631
1162
765
2269
2233
865
521
466
3021
1180
1591
1086
2707
1157
2067
2672
560
2364
1136
1865
787
2837
581
419
1510
2093
2213
2771
2197
2732
2932
1150
516
62
2726
962
926
1139
463
126
752
665
1627
1212
2605
1213
1759
2990
1955
2393
1796
1949
2736
415
2735
510
2780
1443
1786
1394
1103
2077
610
1622
620
2263
511
125
1486
2159
1458
2295
1815
1802
2560
1661
2412
1145
1852
2865
553
2593
2310
2709
1900
606
1379
908
170
1582
2266
494
550
2601
172
2403
1570
2447
2126
1002
2941
839
2832
20
2044
2717
2112
1216
1998
2215
738
1292
2411
190
389
2996
2532
2935
286
1181
1989
1606
1732
1828
278
653
972
2957
1773
1081
1345
1892
31
279
652
116
1355
2313
593
182
2825
508
2279
980
1314
2687
1548
288
2148
2174
1534
1333
874
32
2971
1594
1563
577
95
2585
490
2859
583
573
1703
2982
1511
2773
706
1984
1634
3074
1475
2799
355
130
498
2414
1391
3040
2438
623
2186
2665
1025
2136
3031
1491
2466
1853
1158
2817
2710
1514
2576
1583
222
2444
3004
638
764
1235
1762
731
420
2791
2586
1457
2751
2893
119
1471
2235
269
1399
2898
258
951
231
133
1401
2978
2132
828
613
1092
2267
2868
2698
384
3078
2767
2338
346
2902
2653
1430
1101
2221
540
1425
150
1407
2514
1942
385
536
3025
1974
234
1445
1559
1335
2162
121
1331
2761
1863
479
2216
1936
2298
2416
2277
336
1758
181
2336
249
1420
2164
788
2565
464
1205
1496
1600
101
2259
3035
398
2343
1607
2535
2884
739
2321
2437
882
1944
67
1628
1835
247
1107
790
1328
2564
2656
625
454
1532
450
12
1416
927
132
2149
2611
1971
2790
2619
1159
1740
329
868
2014
958
