5056
6112
2085
10574
3716
723
10955
6747
4649
2743
3612
4826
9431
6902
6381
24
11418
2789
11272
1077
6447
10298
4709
9068
3985
10381
2567
2609
8766
4786
3962
148
6709
1371
7569
6690
11111
3811
9491
674
5335
2393
10318
3773
10372
274
5495
4596
6113
4516
9985
6610
3486
523
8811
10857
10552
7650
5531
5772
3635
9164
5299
11059
11498
11506
10537
8492
1554
3900
6597
7272
1940
610
597
5373
9573
4103
1737
5267
9546
5709
6611
6651
9008
6206
3741
2288
1492
11532
10393
10942
6479
9337
5380
5826
1551
9002
937
9160
4118
7559
6190
10800
1613
8223
3925
2990
2486
10221
7469
5775
7636
6027
3209
8959
3456
10923
1111
5334
3758
8040
9022
10040
5830
7134
3863
1128
8285
5710
2292
9812
2014
10051
5197
2157
2212
5284
238
1596
11378
5078
7812
789
1494
9239
5086
7122
7760
3724
7945
795
10836
5116
6928
7463
5100
3435
3756
267
6008
5080
4094
7676
2731
10701
654
11072
9556
783
5111
4188
6926
9597
603
10815
3385
3114
3279
10055
10994
11361
2999
891
3219
5546
239
10273
1717
2553
820
2243
6096
5480
1983
11374
2002
8723
3636
4489
6130
2144
7535
4928
4774
1211
3609
6020
10410
6735
7366
6328
3073
9953
9067
186
1102
2327
11475
6209
3547
850
767
7754
10288
6542
7
10846
6150
8147
6390
11099
10786
1623
7283
10719
8375
3319
10803
11091
8740
10141
11265
7897
9393
3130
4082
5028
10649
9484
1425
7056
9911
7140
3520
9226
9787
5453
3883
1442
5077
10385
621
2822
2950
1121
11417
8678
5122
4657
2612
8819
4095
6089
8785
7333
6981
6803
9112
314
1395
2443
365
1642
619
5211
2027
1984
3683
6582
4843
2047
10018
9043
8421
2210
7415
1272
11546
10330
4883
2537
9695
1095
3608
393
6118
10690
4231
7737
6961
10706
10118
3540
6498
10039
460
5556
8493
169
7722
842
7726
6773
6904
4161
746
2368
152
3176
5048
1808
7048
6885
310
8035
4542
1404
6076
6779
3316
897
1570
4890
1432
1995
4579
10154
8190
1657
2685
7826
1511
7029
3108
8117
1800
404
6208
903
3668
8612
3085
5240
9963
4492
8241
3913
1253
2494
1906
6032
8727
5635
3951
4243
10943
9450
9980
4093
10954
11591
5765
10729
6372
2619
3848
3875
2781
4350
6320
3661
9560
972
9616
9952
1423
1325
3998
3813
9459
5801
4930
9289
9572
986
5032
1465
9003
3687
4991
2098
10885
5132
6987
5333
6849
10425
1327
48
2304
1336
8659
1895
10607
980
10478
10911
5864
10431
1313
2310
11339
5512
7734
9074
5462
6210
126
667
309
10205
9509
4164
6695
4969
2456
4864
7906
11588
2478
5429
3565
4537
7083
1914
2935
11375
4889
1264
2457
6814
8632
4505
9580
6776
1942
1413
3932
7758
121
6123
4202
9840
127
2390
10146
5987
809
9882
10731
2603
3740
330
4246
8836
525
5852
4159
5139
9930
7876
3448
3200
8769
8417
10013
3993
252
5926
7431
4807
710
1913
1171
1929
449
2774
4986
3177
1228
10905
4641
4550
11040
10276
3216
1114
8500
1293
1925
8653
5560
11539
1869
2637
1955
7328
5349
5698
8188
7739
7213
1806
2548
11400
3595
9011
4900
7547
9742
7762
3045
544
5175
2298
2509
11491
1350
9108
3825
2928
11312
8795
208
8614
345
977
791
10007
4275
4536
11445
6442
432
9089
4436
7249
7707
3402
8247
748
8303
7594
611
3892
61
6449
2083
5162
3652
10547
8383
496
11444
11115
10272
8685
8510
3164
7423
10002
4789
2993
8195
6692
5877
5432
6305
7642
10948
297
10936
1973
10807
11041
6306
9941
5263
3600
6183
4937
9815
6414
4368
3842
3166
10768
1273
1363
5707
5241
4878
7514
3251
4385
3859
9045
7206
7303
428
3604
2239
927
962
499
5083
6563
8039
7780
5642
3062
6948
4967
3832
1436
328
766
4163
2407
10770
4834
9672
10910
6302
9410
3042
4080
4018
3648
5060
10332
7492
4367
3097
2650
7943
8704
10999
3390
10736
8806
7191
1150
5990
5617
9038
8561
4565
632
10052
10886
2850
7030
10269
3077
11086
2758
9144
4797
9180
10095
5912
8229
6043
9004
4409
10310
8960
10492
10572
427
7026
2017
6980
9228
3877
11199
3169
9677
7502
6319
5511
3245
8498
9731
4240
9436
10852
10418
1332
3018
7336
1319
910
9249
8908
7782
11381
678
8349
2262
9155
6374
4344
5176
8298
8627
3723
7101
502
1668
4070
4207
7238
7741
509
3356
7409
3886
10006
9844
7334
9221
286
6304
4302
7748
3814
6448
2907
4033
10962
6487
4621
73
8041
934
6826
7337
5318
8480
4974
3545
6323
4454
10142
7610
945
6807
6620
10817
7203
10176
5875
6524
639
1140
9500
6612
7185
5363
4866
7874
2985
7307
9230
1945
2530
990
10083
5298
7160
4778
10515
1049
1743
3367
3957
10077
7626
11305
7163
11386
7766
11329
5736
1420
10336
8625
606
1794
10258
8708
5650
930
3928
8406
3188
8327
9154
3144
9643
773
5969
491
6865
6673
2803
1905
6857
6396
166
965
9006
7818
5117
5851
5437
9428
1058
4859
4817
7926
4262
1586
4282
6769
11541
9192
3827
11380
4903
3207
7567
8570
5793
10026
7222
6990
11105
10391
9605
9676
2607
8667
8347
1838
5389
1369
3190
9127
6731
6970
10524
455
500
421
10148
4724
6540
246
6650
890
5036
1507
4771
6847
273
6477
6134
1770
8394
736
4541
2812
7529
4178
1898
2305
4526
1434
4908
7764
2594
7699
8272
8474
8483
534
10642
8906
7261
7368
6762
2611
11583
5201
1249
7034
7833
3924
332
5396
2412
5213
307
6277
3212
4535
2272
2040
9310
8878
4087
2960
1033
287
227
3812
10808
7697
11499
11051
2184
2045
10228
4711
9065
6935
7177
11323
8699
5406
2893
3602
8322
2367
7287
8621
868
1811
7825
7280
6167
7527
613
1462
10008
2552
1543
2383
5924
5874
3125
1656
325
376
4490
10878
8129
10253
7052
7681
6146
8800
2759
9684
794
6258
9395
8277
10339
9711
8082
8926
5179
6004
5810
1598
8193
7390
5443
7597
9077
587
8675
9261
2308
11502
5181
8870
10992
9501
9429
9432
11046
270
8582
9422
7429
3261
9706
11
7097
4079
4226
10541
1727
9413
3775
5134
10928
8909
3420
9748
7687
9291
4455
1
2625
5449
8984
8629
11043
8784
605
10439
706
6519
1637
9373
2506
5724
8179
1578
5992
6315
7789
5049
9054
4805
10573
11070
5829
8087
3544
2192
4328
6185
6194
11087
8045
9126
6712
683
6627
8954
4577
724
3523
10474
1658
3732
7587
9568
2093
4676
10483
2828
3538
2175
9690
759
7308
8376
3669
2708
9351
6867
1135
76
8287
1836
11065
30
11351
6310
1278
8657
8453
7689
10015
4833
9570
7613
3784
9846
2281
9942
9997
4503
8112
2435
8095
11412
11097
480
68
11295
9466
4329
3574
4339
113
3677
8189
10549
6485
7753
11428
6681
1459
9456
8403
7339
4135
11144
2403
3469
4756
3294
1685
8531
2126
925
3019
11012
1505
7293
10347
9343
7292
6429
10687
2804
8783
9447
1341
4177
4673
602
9358
2800
2112
3660
4354
8115
5003
8336
1741
7021
2295
6237
8854
3383
10070
6309
296
7422
1486
5891
7652
3291
5327
6576
7745
4457
10117
9277
5806
6931
10517
6013
9675
5953
349
5631
8100
10712
4855
3366
1553
9721
11208
1644
9352
4725
7813
4421
4643
8970
2752
10442
589
8617
11488
2075
6833
2219
2735
692
6667
1037
2770
4631
4767
3440
7228
4982
5968
20
3384
5498
5232
6425
1842
4820
7549
1536
3180
8578
1445
10202
4238
9020
8746
5300
10772
10079
7853
4422
9629
8652
1069
1959
1191
5980
6818
7958
1428
8222
2101
11232
4296
6500
921
6022
1232
4828
8801
8009
7347
5087
4753
11226
11508
7844
2558
3237
9010
906
5342
11196
2885
5295
10874
11248
9263
984
366
2775
11282
5154
1789
9087
7523
9184
247
7269
11136
7763
2088
4287
9095
8935
3027
11179
7815
7581
753
9259
1540
8283
11535
11221
9534
4381
887
8372
4571
10274
1541
4221
8063
3637
3474
7335
10929
5838
3285
4715
5706
7772
8075
9320
10987
7343
11362
9908
6975
9781
484
6491
7109
3638
9018
10779
10321
2189
10326
2590
2096
8802
11314
9796
2194
5114
9315
2138
3467
969
2274
9925
1823
8509
4914
3332
3362
10059
4211
1633
8604
6170
7967
8828
8633
1149
3149
4040
4127
10604
7460
3259
11068
7525
105
9577
11159
7370
11359
10833
10047
3363
10030
5503
4792
5492
4299
5121
5466
9808
8470
6166
4300
8735
2852
769
3244
5408
2174
2629
6340
1169
4749
10211
3089
4052
4057
646
1399
10469
1742
10248
7024
835
5265
4062
1903
7240
11482
5687
1661
10371
7902
8772
4741
6198
9455
1214
6294
1867
9531
6962
7969
4963
8196
10494
2079
7432
4348
4469
3096
9724
3744
10581
8758
3334
9442
8262
8905
2316
10313
6006
3807
3341
4317
3987
9870
10913
743
6558
9280
10041
8243
3641
5312
11324
6105
2518
10720
4837
9842
2055
4880
11175
10159
6623
7740
7703
4610
6325
4407
6823
8278
6064
7798
11134
10195
9591
8199
3229
5636
932
10799
2503
7255
8000
11490
9029
9579
411
6212
3880
1951
10377
9656
7127
10860
98
10109
8936
6740
5822
1960
9052
953
4359
7078
10717
1312
5091
8273
11479
4216
1933
9834
522
1271
11119
6531
721
7821
9236
593
11466
7407
5791
1248
6812
6066
6392
1923
3868
9218
10925
7574
10508
2385
2598
7996
10600
1663
5119
173
1831
10395
2245
8946
1196
4456
10075
2284
5345
942
4954
9756
5653
6601
2776
5548
8889
2667
5945
3935
9296
4929
5984
5485
3699
8898
4682
2475
7831
298
2246
2440
6875
6386
3297
7254
2717
7595
11036
3154
4343
10283
609
7004
827
11330
10222
888
3676
8646
1638
8306
2465
10947
8227
9368
9960
9762
204
1062
1936
1258
777
7639
9423
3625
1162
6399
7994
10561
8571
4321
5740
4818
3615
9861
7809
6254
6792
3011
8486
10120
340
6141
10174
10897
4031
11166
5147
5158
59
1641
5135
2930
6671
5246
5216
6854
7298
11021
4655
4124
4445
10094
8826
883
11520
8404
8534
780
5469
5908
8684
9508
7417
10125
6783
7572
10963
10798
8315
7588
5196
9666
6821
11064
4776
7260
8266
11235
11514
5749
8121
1517
10679
377
1819
8302
9665
9841
8011
8204
9999
3739
2675
2057
8938
3920
11243
8791
5289
10715
6921
7438
5024
7846
11259
5169
4064
134
7268
3003
6684
9323
6697
2021
1757
1333
8050
2406
10548
9733
8973
5008
7988
5019
3645
4085
10588
5231
2906
7289
3053
10774
7632
3224
5029
5474
1771
10855
3358
8786
10237
11082
6295
4038
3915
879
7786
2410
2599
192
838
2431
4624
4086
9549
3980
1244
1513
5256
7661
1458
7011
11209
5624
11083
1704
9901
2660
3137
9483
1066
11462
1550
1993
43
4482
9058
2273
6505
10707
9136
1316
9041
8457
8522
2404
9557
5534
5015
2577
5323
6796
5532
7657
7259
5680
4892
4628
3067
9350
10447
976
6211
6361
1852
4023
4918
1409
967
149
7297
8061
677
441
7164
5188
5273
5071
10241
3639
10076
3302
3904
139
6626
7693
10320
9640
3891
6334
6530
4865
10631
9240
6523
7041
7325
2908
5303
10639
5494
6062
813
9345
9829
4233
244
4097
3870
5995
2432
10633
5661
3228
9495
10500
11577
5259
7775
1734
1394
801
5237
1837
4840
40
37
7773
8925
4810
5938
3225
2221
4911
4174
8892
7561
11396
8948
2920
5377
5592
9101
4169
553
1970
1491
7151
158
6910
8026
485
532
3582
2843
3370
6666
86
10595
11162
2725
10353
3071
7841
2039
7724
10220
793
4625
975
425
8971
2122
6606
6002
9430
1649
3747
10329
3344
5633
5920
11009
5445
10304
7076
5473
3537
6400
10945
10822
10254
10311
1103
8776
1417
10401
2596
5750
4380
7866
9133
5433
1100
6533
7102
4589
877
6797
10705
2933
7788
1045
9564
862
11249
1853
10119
6628
3231
9213
4584
10143
1410
11316
6090
5883
3690
399
11580
9147
11427
7544
9181
4187
8822
7447
10662
9510
10610
3954
7641
8759
7089
7564
25
737
5399
179
2296
9989
1875
5120
1407
8912
1827
170
9032
3779
1974
3912
5623
10060
5358
5915
7313
7884
4134
10673
1834
2325
10824
1247
8830
3002
3210
10356
2802
7479
9124
3184
5831
8600
796
6201
10103
2029
10734
8681
2324
7171
5172
1027
8065
9986
3527
4488
9156
8616
5937
699
11334
9370
7477
2149
8055
8779
10749
11155
7843
2285
2995
7579
10238
11244
6946
4966
3714
2477
8356
3107
2563
10881
7682
3331
3518
7637
5743
2687
2605
6621
10441
11167
6192
4213
8111
622
5788
10937
7488
9042
5939
501
1890
489
7128
4689
9589
4138
517
7467
10647
2167
5017
1582
6788
2135
7938
10710
1023
4244
2681
8467
10209
9341
2860
2441
5991
514
2521
7322
1830
10275
7364
2570
7188
3009
6917
4150
1714
1276
11455
9639
5347
7519
10257
3624
649
2680
1306
4726
9892
6236
4634
545
1457
9448
8798
2259
392
5090
5609
5739
10227
968
8048
3752
2338
8456
5820
1389
5626
9885
7395
6052
10244
4962
6394
11317
4117
10387
2945
6040
4250
2947
8300
1194
3514
74
6861
10246
3606
3806
5886
10576
4435
459
6246
4173
1957
4446
2056
5616
2405
1748
5887
9766
1414
2944
2120
5986
10967
5664
6465
8628
9737
5931
6409
4863
9582
11241
10924
6065
5442
5866
6391
11048
1580
1054
1604
10589
5353
2358
11377
2757
9182
398
1676
8276
9983
6301
7237
1948
8853
4701
4608
9774
871
168
4852
1147
2
7304
2141
10834
7332
6269
2388
3793
4056
11450
9948
3573
9916
3398
8566
10145
11145
8422
10100
1206
2251
7047
4398
1183
2473
7888
11457
3278
11497
147
8301
10545
6344
620
165
3782
10430
7210
4376
5827
1519
2645
4153
1994
339
11438
9637
3999
4642
1720
5279
9047
5142
9361
10417
301
4242
11322
7079
9435
9981
3457
5460
8887
9777
1761
3996
4419
7404
2711
973
4793
1630
1256
7133
2297
11570
2882
2114
2067
2678
580
2841
2427
10971
2707
9503
4120
3764
3603
8637
8158
2128
2780
4362
6187
3588
3076
4347
8724
3029
647
4836
7985
4369
4043
9525
3698
10883
4706
1975
9538
11116
7012
7702
11376
9928
9655
3845
10123
4053
3988
2016
2956
4923
3689
3707
3372
9407
4854
11052
8473
3326
4674
5361
742
6039
10135
3140
10666
9740
2549
10986
3423
7599
4055
6177
9122
7939
6326
1767
2399
5785
6675
7007
10802
5088
4461
2894
5326
2236
7609
10278
1006
11590
1977
8572
9532
2744
3466
4768
2307
5587
3343
4595
10218
10153
11026
2081
2523
5472
7149
1686
9758
946
3672
1007
216
10292
6099
1602
2998
1987
4254
5557
9134
2105
6995
9348
1280
950
11369
5961
2679
8494
9931
10158
5737
8982
3338
10728
11587
4691
10562
6645
790
9929
10212
4364
189
1795
4310
9719
10306
8895
6592
4417
7361
745
4623
7168
10554
8114
8505
1300
4815
2019
3152
272
5321
866
2152
11057
3094
8734
4980
3646
6678
6593
1340
2299
1307
5367
2322
6846
5171
10746
2848
2963
1101
4720
10848
1981
1245
8490
3288
2068
7426
11581
6585
231
8567
1796
11080
2891
10380
3981
3165
6918
2301
8034
6457
388
8709
6054
2378
858
52
8809
5418
3508
7018
6047
549
8053
8550
3791
5608
6428
5138
7534
4602
6120
1728
5690
10570
7234
6317
3619
1870
6010
5112
924
10775
2119
1835
3182
11568
2573
4780
11094
9314
9421
371
9569
4113
6539
3787
10132
787
1634
9559
11360
3555
2196
515
9467
596
7461
5270
322
10909
6577
11434
1671
2173
10546
8877
5730
3967
3
1243
11024
4570
10678
2454
8109
1292
1864
9264
6808
2224
6564
7859
2426
6140
10180
7178
10245
1328
9220
9293
5043
6097
470
7750
7683
7224
8511
9266
1017
5339
1654
2263
8661
9248
2041
4717
738
6311
11037
9646
7965
1234
6656
8311
7345
6261
7003
4149
2582
8292
3972
8542
5940
1626
4036
3181
660
5185
11060
6511
7865
6333
1798
7584
5896
163
4194
1376
9971
5488
2472
1182
5035
585
2374
1148
5997
1921
1690
9899
11084
9033
5046
8148
10450
3415
11543
3059
11184
5691
4640
9141
1368
9183
1344
5187
3570
5930
11224
1740
3731
4660
8499
7972
7058
9066
6562
2203
3034
1888
5647
8436
439
6473
3317
11404
11504
1802
8547
2497
2187
1716
992
7601
3178
4799
3215
1270
4112
4156
4702
6746
7340
11356
8253
9877
11211
8142
784
8313
9265
10640
1575
6469
2964
2237
4357
2953
662
4158
10512
2160
913
1226
445
5341
11183
2011
50
6095
10350
7688
8707
11101
7556
3759
462
2856
3175
3074
2633
10960
10345
4662
2801
5519
6717
10471
10990
2177
2971
2811
816
11109
3968
2847
9662
11401
5561
5720
8543
1354
7889
3147
5063
7979
4222
9179
4677
5868
11593
9746
4699
936
8680
9056
8503
2576
11063
702
10016
7924
7604
5133
171
5027
2581
9900
1334
9418
8085
3197
3168
8829
5178
2845
2728
6908
4933
2636
6296
4940
5670
9471
8159
1303
4199
7066
7453
7783
2238
8259
2712
34
10359
2551
10308
3524
2476
7570
9995
6405
9539
6658
9946
6521
8431
4668
8070
7480
9889
10810
10725
11363
10299
8163
2359
7785
7592
11333
3340
3079
3293
2024
8545
4881
2766
10452
11264
11421
3819
8144
3884
575
5410
320
3705
957
10084
4627
10412
7504
5906
7411
3329
1195
511
5676
2793
1778
10383
6988
11125
10404
917
2433
9111
11389
9419
7912
11213
6245
6559
3700
7046
8378
6785
6229
9574
344
10149
2071
803
2624
90
11572
7239
2161
7895
8761
8858
11559
1173
5812
5440
5844
4591
4750
5286
7618
8368
4554
11124
7573
2437
4909
2013
103
8793
10747
184
2018
5619
5129
8983
7093
3517
430
9679
6029
4948
3876
466
4603
11050
7284
7243
1329
5817
873
3257
2724
3528
10575
11391
4249
2729
1479
6741
8911
9203
6738
4355
2557
10071
8059
2931
5527
7214
2639
9921
781
9233
6608
698
4414
1512
5521
11311
1287
10361
2546
8228
2659
4587
11250
448
3445
3174
920
3572
8440
5199
7598
2916
11575
9826
10032
8981
6433
4494
3800
1969
997
3030
3194
3498
8084
10266
9171
9475
7987
342
10402
7225
1793
3247
4102
5156
1926
2640
8592
11277
10593
9377
1433
8760
401
2911
1155
5145
135
2464
4279
9710
10862
5277
2574
7522
6495
8030
8814
9295
1785
10208
6193
8288
11332
214
7509
8733
7385
5245
10518
5663
7184
8079
5880
2256
4389
6327
3236
4434
8478
5252
1565
8295
4839
911
167
2222
271
8989
8491
8447
7638
8867
8900
6711
7797
10996
7086
6431
3766
8450
2159
4497
3262
10198
331
8881
10735
507
3080
10676
6971
7183
5192
5456
2662
2291
6578
1652
8865
7548
5103
3990
2266
708
4475
4464
5155
3617
6874
11551
3497
7074
3465
5799
2838
10778
245
1732
9881
1335
11385
7484
1902
6482
11413
3556
9439
387
6240
9726
143
11348
4760
4334
4433
9286
10853
10622
8810
3013
4209
10317
6508
7057
4478
326
1699
4073
10794
10053
10475
8940
7582
1267
2568
316
6437
5688
6953
4327
6205
9992
7291
10093
4372
11195
11425
5108
8140
10635
5835
8513
3464
4311
7288
5348
11269
8884
4539
1143
469
5320
10190
10813
659
3426
10691
10667
5832
5836
8338
10879
4983
8107
2564
7767
7732
5978
11263
11171
4597
9026
3376
6335
5603
6068
4129
663
2722
7470
8546
10959
11451
10714
9863
1722
1212
2555
557
7903
3839
7835
1576
4784
11594
4337
8124
10703
8171
5787
4473
2788
114
8477
792
8387
5589
4107
4622
7435
4391
8588
2760
782
10398
9717
7615
1117
7490
5508
2764
7929
10036
444
923
3844
785
10213
8054
1314
7020
6274
8172
7553
7575
2653
831
1472
311
8119
3283
2153
153
6646
9349
3131
89
6580
5173
7315
6264
8544
8525
10979
9728
5672
3568
7973
6398
2504
2076
10023
7277
8254
9536
8773
10984
9562
10900
145
7073
6887
1364
8418
9219
3238
6715
438
546
855
730
264
8018
10229
1971
6634
10858
5023
8520
7974
4152
6575
95
2094
4961
2036
2059
5033
4370
2004
1119
6055
11281
6017
7577
3712
111
1754
2337
10872
1040
2489
10840
6994
2127
7978
2282
357
9412
11449
10869
6061
10513
133
8692
2538
9486
10904
1547
8613
10207
5615
7391
7387
4556
9660
11515
10490
10976
2424
222
1639
7792
8358
9590
6839
11473
197
9780
9862
11055
1515
3651
8138
2479
6726
6924
6202
4569
11288
343
1801
6080
7393
7500
2512
10082
8703
8240
5310
6239
3938
6789
7072
5038
5099
2627
4263
219
3770
4575
10820
3377
6787
450
6794
9713
1089
2825
2858
2980
668
9686
10540
6458
3121
9064
10448
2957
4318
6834
4418
3436
9490
3905
4251
5784
4593
11069
2233
1166
5118
7017
6760
7886
2965
1715
10163
7674
6108
627
1563
8861
10057
17
10466
5184
774
419
8461
5771
9903
2078
3792
1599
11511
10827
4764
9843
974
1090
3808
9878
10505
1146
7810
2430
4684
6098
11257
4681
8907
5767
8475
1321
3691
2909
416
7568
2692
4197
8348
6368
6154
8516
9135
2458
9784
9169
403
7045
2871
3931
7887
4485
11569
10179
8409
6817
865
8022
10655
5956
8343
2020
6919
7981
6648
4034
2258
209
1889
5438
9165
5837
6036
8815
8310
2898
6287
5204
5422
735
1075
9994
2171
9142
1067
5130
2902
7044
671
6279
11309
3405
4522
9541
6806
4559
1351
4895
8975
2626
4949
9328
7583
3352
3132
451
220
9608
8752
6314
1503
6774
10696
6869
2648
7916
9059
3489
11147
810
2180
566
7341
6554
3214
9595
4932
928
9360
7802
1585
3256
896
6434
4790
5535
6324
5649
8137
861
2784
4775
8126
7904
4874
5846
5490
8217
6526
2342
7768
1186
6894
9631
6972
2694
8849
9523
1849
7605
6560
6446
6758
3193
3192
6033
2451
10565
8212
6441
5013
3305
8003
9917
3743
1160
7401
9163
1760
3757
11448
6571
360
5605
100
1198
4088
10845
7562
414
8523
3484
825
2361
4656
11443
10043
6653
9890
3607
6637
9479
9782
10004
3141
6081
6158
3449
10399
2864
540
7262
7645
8326
7816
4710
3717
637
2209
7263
7960
7241
46
10664
1723
10539
6855
2414
10001
9146
1832
182
305
1285
6330
5107
10995
10091
7421
2994
9701
164
196
7244
6375
2535
7662
9166
7155
4114
9125
215
4110
7299
5594
6728
1296
10165
10596
7441
6077
864
3769
1718
6764
11006
374
7894
6203
2927
10865
10352
11279
10533
7537
4573
10781
6176
4098
11252
7962
7576
8275
8307
1467
8192
7374
9603
10259
5725
9709
10953
3446
3299
1499
10763
11210
9227
8587
10525
2072
2974
7476
63
1361
10314
9009
9464
11405
3728
7849
1967
4658
6569
954
1763
107
6528
915
8357
5946
8674
9606
269
7445
6766
1572
1591
9083
10054
10169
1042
472
8519
3503
7659
824
6270
4132
7634
7027
2482
6753
3092
2961
1931
5818
7944
10550
3084
3702
2792
7910
3313
4326
8991
10866
4877
2080
9318
3427
9934
6092
3309
10764
8602
3817
8914
9369
9700
6357
1026
6111
6379
9347
7264
27
10280
7651
8481
5759
878
8244
10566
686
765
8362
6244
3310
6135
7606
2983
7170
9209
8052
9443
6822
4801
6856
882
2123
4763
6129
2252
3275
6647
9886
6367
10964
7720
2739
4484
4395
503
9659
524
3068
3162
9367
2050
9215
1829
7405
7791
11045
5067
1660
1078
10422
6844
1240
9019
10522
6591
6451
6583
749
9966
3462
2391
601
4635
2115
8695
7063
11206
10587
1976
199
4803
6470
1696
5796
1170
4115
3945
11135
4116
7273
504
1172
3086
5209
6853
8248
7854
5963
6688
7517
4301
8701
6148
5143
3694
4946
8068
6401
6892
9403
6674
5425
3551
3395
4304
556
4552
4687
3795
464
7705
9859
10281
9854
10738
4947
2279
6871
10152
8722
8857
10162
9099
9232
4067
2294
1611
10131
1218
9308
8949
3024
4167
4765
9888
7033
4424
6497
9513
8738
4540
10847
4581
5921
9093
10416
6207
8796
91
10232
7921
327
2302
8089
5719
7990
11011
10429
4303
1379
8805
11471
3160
10215
10341
11061
1262
3098
1496
4925
9652
6958
8377
2519
329
4633
7427
6127
8639
5276
5823
4212
3268
5621
10605
5544
4661
10689
9938
5269
3964
64
3902
418
9051
3949
9587
3605
2665
6051
4510
6186
6037
8565
5350
8438
8640
4794
904
5581
3327
9692
3101
3274
8771
1571
97
1688
7715
2030
922
3507
5489
5025
6132
8781
9879
3610
7180
9398
11474
1781
6164
6841
1610
4688
739
10484
6920
1408
10809
10893
49
3685
6199
4630
6756
11058
6730
4405
7749
4272
11180
3500
9334
8716
565
10435
5167
7281
7611
11294
10034
7380
9394
2485
85
9689
6954
10037
9964
9996
4331
2584
9321
1618
9120
122
6218
8379
6993
2428
3519
8642
2699
8465
8015
11518
11137
2169
5282
4374
4648
2903
5140
1142
2054
1533
9202
5879
5714
8923
7331
1707
5050
13
807
2394
2769
7543
3218
4531
378
2446
999
4281
2197
5055
6655
4214
6454
4358
8485
3834
6522
4234
10506
7232
595
9338
6676
368
118
9317
8104
863
8927
2588
3414
7296
1966
2816
7162
5949
5064
10716
2356
4796
5845
218
4576
7761
10888
1774
7433
9727
6641
2408
10877
512
5428
4010
8919
487
3627
1681
1072
5478
2762
9714
4172
5576
10859
4663
2654
5242
3211
4315
10811
4006
10069
6079
6965
6873
6014
5738
11410
9417
3328
1534
6705
10378
10017
6974
9553
8221
3038
5223
9623
8122
3133
3513
6307
8251
2313
10428
9578
11452
9785
10262
6893
10713
6028
4390
1044
5293
10941
9400
1406
5426
9453
11020
2704
7359
648
2958
4481
3753
8679
10663
9802
11500
2330
7664
6745
1473
7478
9114
700
3927
1229
6916
5825
5089
2873
8873
10944
9241
9420
3120
892
8997
3339
1151
9732
2578
5965
6557
8930
1694
11160
2782
4917
8077
6677
2165
11442
6342
8202
3826
5164
7909
1444
3995
1192
8901
9159
7035
3292
10555
7428
11439
5224
7131
3206
4274
9644
4022
8267
8181
2060
7489
6285
1001
10861
3939
4604
5430
1415
10534
1098
11480
319
6693
7015
9973
9716
918
1047
5735
2364
6242
6439
2892
6778
2657
8869
1561
2768
7506
3298
8058
5288
7631
6707
6462
3830
3515
1892
9555
7205
1820
4580
9498
6436
541
3035
9515
3976
9517
5005
8682
5322
6664
11528
2732
1176
3123
11526
2575
6057
4885
8424
10556
2505
6241
4824
1805
4046
4425
406
7679
9415
5894
10514
2677
10759
5280
4632
11223
7265
11496
6083
6537
6025
9460
2676
5093
10485
6397
260
11014
9458
5627
11127
10559
2796
2967
1382
5905
6749
6509
10415
3368
5010
9775
5115
1922
548
5573
379
10526
6722
2253
6019
10078
8941
8468
7848
3375
10814
8843
6661
8864
1411
2658
11033
10360
11331
7111
8175
207
10797
4332
3978
1109
9082
2046
4678
5104
4375
8430
6535
336
11238
3282
9835
10376
7940
4219
7286
10989
9117
11022
9322
10560
9282
8837
9148
7505
116
7790
8715
894
6870
2600
4951
2343
2001
3738
2580
8624
6116
5643
7043
2276
538
571
9374
10168
4441
8323
7616
5795
9499
6284
3306
2049
1252
9339
5102
6273
8027
8371
9090
9600
6748
9302
5816
8246
5807
6699
4626
10235
8729
2869
9324
9563
4145
2118
3477
10157
9238
4712
1952
8918
10200
2941
11261
10816
8953
2756
3937
6016
2369
2934
1493
1881
729
1104
11240
7709
2833
732
115
3044
4236
3146
10453
3599
11165
5484
8999
9671
2003
1099
10902
10400
2500
3772
11556
4423
10991
5971
7456
9462
8143
2109
10019
1719
10224
3419
9967
4871
9914
8359
6765
5911
2853
3389
2975
7246
4572
6514
1107
2474
4543
1343
9481
9837
7752
6827
8207
5034
6262
4870
7640
7935
10144
5634
2133
2741
2719
1405
5870
3054
8608
1475
7276
11441
8690
5620
7235
1073
740
9151
3946
3083
3280
8961
1324
9381
3837
4430
10921
5222
5461
3304
8748
8141
964
987
187
2554
1452
6474
8495
4388
5805
9683
3776
6567
1384
8647
1016
9956
4013
7448
1180
2984
4721
2191
4108
8017
4553
4524
9198
10901
9185
8153
10338
280
11168
2608
4743
3818
10239
10742
2779
5476
8269
5933
4168
7777
9217
5732
1620
9505
11414
1036
635
5588
4755
10569
5841
2099
5505
2727
1782
9408
7807
9871
10005
9773
4612
854
10175
10732
9474
4260
9258
6546
7845
1928
6358
898
3566
1972
5913
1487
7095
9897
9454
4208
6435
506
4137
9704
9682
6838
8665
1238
7356
8028
10384
6725
2121
9803
1076
2742
6761
8812
5637
607
10952
4861
5513
8012
10760
9268
3561
5316
1886
10196
9434
8720
10443
7856
10932
1213
4527
9827
6267
7309
6532
7100
8136
9053
4017
1125
9167
2417
8145
5163
9529
10247
5062
5229
760
7316
1383
6940
5146
10322
11266
3856
4521
3576
1766
7372
1640
5722
8978
1490
4065
8001
4901
4822
5862
8980
7197
6640
7551
4994
577
10290
4829
6588
3803
8086
8558
1048
4495
5101
5487
6217
6850
10933
6363
6609
1605
2870
10585
10543
9725
10499
4081
5471
2617
2644
250
2048
6800
495
8932
624
8331
8996
1010
11207
2663
9912
4647
6880
5283
9115
8747
6432
1197
1753
9581
6732
5718
4428
7716
7464
10978
7554
6963
45
3559
7719
11370
9544
8649
8922
6188
2849
8942
6289
7412
7459
7954
9055
8169
2921
5981
3095
5085
558
5528
2434
423
2515
2086
9480
8426
4850
497
10252
9451
578
9023
3629
9353
7190
5346
10156
9856
11106
5308
3252
7008
9235
9853
2631
1609
10136
9383
4809
8016
6280
10029
3271
4198
4532
8964
846
1113
7524
7643
1167
7953
3878
5773
1689
7708
177
1735
1497
5383
6250
8599
1941
4695
9311
6770
131
6074
8921
3943
9622
9516
1858
3841
2895
6071
3249
6595
8341
193
9319
4012
8091
9390
7671
8813
6587
8839
8581
6506
10579
2231
8885
8416
2899
9526
5311
2734
2208
10685
8856
1991
6486
10612
2289
4373
5645
1897
2217
10270
11192
2761
2507
8859
7913
2912
6169
7141
5092
4286
8931
8328
2836
10583
8998
8514
8429
10203
6815
6589
4973
1817
422
7080
3020
2312
8757
1825
6635
3922
9119
3221
9786
10624
5096
11204
8385
6810
7153
4737
9615
8402
519
5678
8590
4399
7781
8634
6058
11402
4582
6663
5666
2747
3198
7112
6137
8309
7842
2790
8714
2777
9945
160
9906
1366
9668
7658
3437
9001
7245
9641
2962
5084
4479
7358
1448
1063
7166
4849
4941
3829
10532
490
5671
1564
8232
88
10826
1918
9645
10112
4957
11129
19
695
7901
741
11273
10985
8106
3392
9937
5371
5054
2606
5314
1815
5575
1454
5721
8176
9764
10958
4394
9017
10183
431
6492
1153
10842
5174
592
1165
7936
853
2469
5291
757
5244
6858
2409
848
11461
9567
9405
6153
3631
7025
3670
3347
11172
7751
2872
8501
7591
2773
3239
9034
11493
10767
5387
9970
4426
5525
9839
6639
4467
10538
2166
8512
4223
4009
6050
4993
1749
5744
2513
3272
7230
5182
2715
232
4054
1004
9267
5045
7633
10282
10969
1302
258
756
9910
4016
1646
5094
3564
4192
3543
2247
4042
9588
9106
7474
7677
929
6979
2453
6710
174
4752
4705
4203
2422
10421
3050
7612
1052
2697
3359
5412
2579
11093
10226
650
5751
6221
570
8321
4722
1887
7995
1992
7811
3767
10704
6989
1188
9175
8656
893
8508
5193
352
5402
6937
2198
2395
3043
4147
9765
1175
1862
4654
7067
28
1619
11148
7805
1145
10544
7443
4523
5876
1003
9446
3432
7081
10672
11365
313
5745
5464
5400
9670
4629
7596
11242
58
8293
6657
2140
6949
2939
845
7424
1039
10751
6775
7850
8180
10231
3822
9488
614
1850
11308
5840
5728
4915
7229
5266
10535
11483
11258
8432
7181
6272
5957
9388
2525
7040
2227
2051
2200
8237
3894
5762
9586
9537
3563
5214
7208
7713
9375
814
2823
11476
7108
1545
2211
10460
9506
1567
7275
1684
1826
9426
6631
1608
471
8023
3911
6200
4757
3692
6171
988
1679
2620
5925
6534
2881
685
7510
4520
1416
5658
4267
10300
7319
8025
7778
2450
1215
9755
3589
11503
8038
1298
11352
3535
6084
2896
2334
234
1373
7621
1236
8078
6905
797
2386
5496
7446
8585
3991
10436
2778
581
8855
4069
11227
4606
4777
5889
9385
6835
241
3502
6109
3777
6721
6851
4437
5021
356
9658
3975
5337
2621
4693
3984
9653
11013
9977
12
5439
5878
2867
8610
2467
2827
8497
2445
11319
4193
10931
3936
2753
7648
6472
7730
5306
9253
7247
4335
8177
3824
2632
7125
5708
7250
1692
7871
6694
10464
3745
5962
5814
1670
1529
6067
11237
1669
7552
7545
102
1326
4507
10938
11062
7388
9767
3455
7655
2565
6444
3511
1374
6737
10829
5226
530
4345
7362
8549
1803
263
6463
11187
11044
2216
8414
381
10884
2940
1884
6349
5682
479
2499
8636
3494
10659
6101
3789
985
1297
1958
9070
10446
9685
3785
4397
4181
1231
4770
1441
9794
8842
3354
8730
8255
2673
11267
1877
8197
5044
3965
11234
4500
8029
8353
7718
3963
5769
4427
2366
726
10155
1947
4787
5210
9628
10465
5040
6632
4126
84
11453
4322
2666
4066
9078
7121
11151
3388
1460
154
5660
6366
3350
2346
3852
2668
5351
3444
3899
2915
9257
7158
10682
5970
9411
7248
1678
8373
2372
4325
5336
9858
10031
11325
6480
4927
9076
3934
8876
884
7563
8515
4105
6365
6966
8185
7348
10968
284
11276
2635
9357
9923
1909
11350
7173
5748
6895
9035
8225
9576
6143
1181
9949
10373
3025
8576
2344
8618
146
5696
8152
11096
11531
3966
3850
10683
11280
1468
9518
9822
1843
7062
6672
718
3940
10285
4905
3417
11411
550
8824
2647
560
8233
10629
8398
4185
6044
3788
4600
10557
10584
9920
3069
9309
11478
10699
7207
1788
5597
979
9303
3697
6799
2225
4366
7566
6275
908
970
3763
7386
880
9300
4989
157
1071
4703
4736
358
6157
772
2857
703
818
6234
8205
10805
5250
4241
3158
3709
6729
6147
6413
6265
4232
11340
7747
373
8441
333
9391
7701
461
3172
2345
1035
1647
11387
1744
1489
9905
7377
9663
7883
1378
10974
2824
8862
6668
4873
6771
5790
11047
2831
3869
6923
583
3012
11108
7536
1659
5218
5610
7503
8411
4227
203
6230
513
8182
9754
8732
181
4891
4694
5630
5360
7227
10864
4671
8872
802
3780
885
9075
119
3994
8739
8731
3647
5873
6882
7628
1762
9299
338
5903
2215
10470
2463
4825
3679
11456
2268
4578
10950
8967
10072
10966
4692
6282
9015
6568
2976
11341
7124
847
3674
3973
9276
6182
10504
3501
1478
9806
2540
2714
3413
11353
8517
6527
5733
9387
60
4827
875
2508
1388
8939
2442
5281
1775
7204
3916
3862
11318
1729
6059
4979
2234
10219
4248
7094
9084
719
1422
4773
623
8442
2763
7931
3536
844
2340
4269
9371
2649
4352
4141
3379
2172
1552
1797
1157
905
7452
11534
5369
5208
4976
9109
805
3750
2061
3223
8235
8945
2448
7192
5416
1813
2799
1854
4996
6
5639
8673
10674
4675
4766
7647
4848
4155
11285
1687
4802
201
11371
7419
11053
2630
5452
9620
4747
7071
6369
1721
11302
1435
7394
8850
535
6100
7771
1291
3204
9869
7115
3371
7369
10068
279
9749
2037
1764
8825
335
3632
6790
10355
5501
10614
4912
6986
10907
7001
8116
3982
8742
1812
2737
4026
9409
9800
7784
2689
6977
7531
